1.000000000000000000e+00
2.620672987051244629e-01
2.697197799514370331e-01
1.488372107082401308e-01
2.668442267781657717e-01
1.289099968524887174e-01
1.993119088673497852e-01
7.483671178732824447e-02
3.640466640029339507e-01
1.194100314194083967e-01
1.211620841352347711e-01
1.520975124815511781e-01
2.050977332693841859e-01
1.272544983307913047e-01
7.242864327668661895e-02
1.544574766217725603e-01
3.912974012110469468e-01
1.921434940415137349e-01
2.024253929930586726e-01
1.808129716328009395e-01
1.680094364020280062e-01
1.477302920086420446e-01
0.000000000000000000e+00
2.068524632481962278e-01
3.720894211019018516e-01
3.651390736644160584e-01
2.089374465707909967e-01
1.252381738492810703e-01
1.386179251652313871e-01
7.655646462068213531e-02
5.017937877912403283e-02
2.196943437939899713e-01
4.053122683978597762e-01
4.723293427289143032e-01
2.863543921514049018e-01
1.980554952571638438e-01
1.491678095053113329e-01
1.189622375942218507e-01
1.246753440790321077e-01
1.378175098958333011e-01
3.747511386896067442e-01
5.119318486297962378e-01
2.306383903362206056e-01
1.801233605056814235e-01
8.315565879043244901e-02
8.566710419765040385e-02
1.409919665269581679e-01
1.900891696982711654e-01
3.131246901985704212e-01
3.638993281753990505e-01
1.589608056903411004e-01
2.117071183111444987e-01
1.600395699469284450e-01
9.761486526954704646e-02
1.809123758165598062e-01
2.313802512732220651e-01
2.364287919943273142e-01
1.314371603843323411e-01
1.205103001432033388e-01
1.358220853382758608e-01
2.430082953266345103e-01
1.439004241259567718e-01
1.515475508462979515e-01
2.768345631542372676e-01
